// add on rAthena\db\import\mob_db.txt

20372,BLAZZER_H,Rigid Blazer,Rigid Blazer,178,1522580,1,138416,96891,1,2001,2864,397,70,97,96,73,131,131,67,10,14,1,6,40,33567381,180,1732,1332,540,0,0,0,0,0,0,0,509,100,7097,100,7098,100,0,0,0,0,0,0,0,0,0,0,0,0,0,0
20373,NIGHTMARE_TERROR_H,Rigid Nightmare Terror,Rigid Nightmare Terror,179,1523377,1,138489,96942,1,1709,2434,242,75,81,149,21,186,129,61,10,14,2,6,67,33568901,165,1216,816,432,0,0,0,0,0,0,0,7120,100,12582,100,20935,100,0,0,0,0,0,0,0,0,0,0,0,0,0,0
20374,DELETER1_H,Rigid Sky Deleter,Rigid Sky Deleter,174,1486915,1,135174 ,94622,1,2308,3317,363,64,116,109,63,76,119,47,10,14,1,9,40,12429,175,1020,720,384,0,0,0,0,0,0,0,15380,100,7123,100,1035,100,1037,100,0,0,0,0,0,0,0,0,0,0,0,0
20375,DELETER2_H,Rigid Deleter,Rigid Deleter,173,1486915,1,134397,94078,1,2294,3299,362,66,116,109,63,76,119,47,10,14,1,9,40,12429,175,1024,624,336,0,0,0,0,0,0,0,7123,100,0,0,1035,100,1037,100,0,0,0,0,0,0,0,0,0,0,0,0
20376,EXPLOSION_H,Rigid Explosion,Rigid Explosion,171,1457859,1,132533,92773,1,1781,2542,288,68,89,117,39,136,97,69,10,14,0,0,20,14469,165,1260,960,336,0,0,0,0,0,0,0,7122,100,7097,100,7006,100,0,0,0,0,0,0,0,0,0,0,0,0,0,0
20377,KAHO_H,Rigid Kaho,Rigid Kaho,173,1473468,1,133952,93766,1,1929,2760,260,70,96,130,29,149,112,51,10,14,1,0,47,0x2003885,150,1700,1000,500,0,0,0,0,0,0,0,20937,100,0,0,7097,100,690,100,0,0,0,0,0,0,0,0,0,0,0,0
20378,LAVA_GOLEM_H,Rigid Lava Golem,Rigid Lava Golem,177,1529661,1,139060,97342,1,2439,3510,714,63,121,67,179,76,97,45,10,12,2,0,40,0x3095,400,2190,2040,336,0,0,0,0,0,0,0,7096,100,22199,100,20936,100,0,0,509,100,0,0,0,0,0,0,0,0,0,0
20419,MUSPELLSKOLL_H,Rigid Muspellskoll,Rigid Muspellskoll,188,48530254,1,9706050,6794235,1,4524,6583,791,331,219,132,201,188,177,66,10,14,1,6,63,103298709,500,608,408,336,9706050,616,1000,994,5000,0,0,0,0,0,0,0,0,0,0,0,0,0,0,0,0,0,0,0,0,0,0
